Folder:       /usr/sap/tmp
Name:         PR5-ZHRRPTS01-20151012-073039.txt
--------------------------------------------------------------------------------------------------------------------------------------------------------------------------------------------------------------------------------------------------------------------------------------------------------------------------------------------------------------------------------------------------------------------------------------------------------------------------------------------------------------------------------

100005512015100806.00
100005512015100906.00
100005552015100804.00
100005552015100908.00
100005582015100808.00
100005582015100908.00
100005602015100804.00
100005602015100908.00
100005682015100808.00
100005682015100908.00
100005692015100808.00
100005692015100908.00
190023342015100808.00
190023342015100907.50
180000182015100808.00
180000192015100808.00
180000192015100908.00
180000202015100808.00
180000202015100908.00
180000232015100808.00
180000232015100908.00
180000292015100808.00
180000292015100908.00
180000322015100808.00
180000322015100908.00
180000332015100808.00
180000332015100908.00
180000342015100808.00
180000342015100908.00
180000352015100808.00
180000352015100908.00
